006401 3213
006935 3461
003075 1533
004872 2433
002868 1436
006706 3357
001130 574
005152 2566
004779 2386
006032 3022
005795 2901
002650 1328
005402 2689
000882 449
003729 1872
003173 1585
002596 1301
006966 3475
004621 2321
007432 3692
005862 2940
003327 1661
006262 3144
006157 3078
001122 570
002064 1032
007404 3681
003917 1976
003293 1648
002005 1006
003941 1991
002449 1227
002927 1465
002522 1265
002825 1415
003639 1823
004062 2058
005436 2711
006091 3045
000085 47
000715 363
005942 2977
006606 3306
004933 2463
003772 1897
003263 1629
003437 1715
005654 2824
000913 468
006184 3095
006511 3263
000267 144
000662 330
005288 2631
001759 882
004287 2161
005324 2647
002099 1050
002731 1366
003235 1613
001367 677
007324 3644
005069 2526
004052 2051
000929 476
005615 2805
001581 794
006896 3439
006509 3261
006211 3110
000064 32
000423 208
000056 29
002145 1070
000598 298
007386 3672
006319 3173
003541 1770
001351 668
000458 226
003665 1838
000860 438
004723 2361
004292 2162
007045 3512
005691 2844
003900 1967
005733 2866
002770 1384
005399 2686
002350 1175
000363 186
006610 3310
006810 3398
005116 2549
001248 621
000858 437
005266 2621
004646 2334
006108 3052
005655 2825
005549 2772
006236 3126
004575 2296
004906 2450
007013 3499
006622 3317
001902 954
005604 2796
001578 792
001449 720
005351 2657
005753 2875
006082 3041
001369 679
001841 927
001005 516
000872 447
005051 2521
000198 109
000563 277
007417 3685
003121 1559
003361 1680
000330 174
007231 3602
000103 59
003270 1633
004060 2057
006779 3386
001231 616
005998 3008
004964 2475
004193 2112
003979 2013
001838 925
003363 1682
002780 1391
004750 2371
005897 2960
004378 2200
000711 359
001168 587
000836 427
002322 1163
006750 3378
007282 3624
006523 3267
001784 894
000303 163
005393 2680
005627 2811
001793 901
006325 3176
001695 853
000784 396
007218 3595
006408 3216
007141 3557
001082 553
005048 2520
001575 791
000733 371
000179 103
001041 533
007066 3522
003223 1609
002655 1331
007400 3680
004151 2094
004824 2409
001030 525
003921 1979
004359 2192
001159 581
002204 1103
006284 3152
004463 2239
006336 3183
001383 685
007358 3659
003036 1515
000724 367
003060 1526
000390 197
004084 2069
003264 1630
001657 831
000937 481
000896 458
004505 2260
003120 1558
005261 2617
003594 1802
002864 1434
003990 2019
001420 706
006566 3287
000753 380
001373 682
004325 2175
002817 1409
004676 2347
007167 3570
003595 1803
006963 3473
001293 637
006022 3020
002020 1013
000016 9
000676 340
002412 1208
006124 3059
006128 3060
001698 855
004798 2397
005792 2900
002550 1278
003522 1759
000003 1
000686 345
003064 1528
004457 2236
000425 210
001298 639
003267 1631
001473 736
004449 2232
003321 1659
003017 1508
006172 3087
002395 1197
007295 3628
006239 3128
005027 2508
003384 1694
003132 1565
001455 724
002821 1411
003045 1521
001829 918
001520 764
002517 1263
007264 3618
001961 985
006092 3046
005215 2594
003610 1811
005362 2666
002213 1109
004381 2203
006035 3023
003499 1746
007036 3507
005661 2827
002819 1410
001534 770
003115 1555
000166 97
004617 2319
000331 175
000522 255
004761 2378
001974 994
000982 501
007070 3523
000258 140
005091 2535
006081 3040
004812 2404
004805 2401
003287 1644
006131 3062
000121 70
000829 421
000488 241
004106 2079
006831 3409
005971 2993
001566 786
001815 912
003072 1532
004080 2068
005301 2638
002146 1071
000080 43
002221 1112
005202 2584
003774 1899
005734 2867
004017 2032
005924 2967
000130 75
003929 1984
002792 1399
006461 3241
006307 3166
005211 2592
004971 2481
007296 3629
002874 1442
005499 2740
005451 2717
004265 2149
003686 1848
005537 2766
004583 2300
006996 3492
002448 1226
005264 2619
006099 3048
002768 1382
001607 802
000292 156
005967 2991
002605 1303
005353 2659
005468 2725
004987 2490
002551 1279
002688 1350
002379 1191
001091 557
001059 542
006947 3466
001031 526
004211 2122
004103 2078
000743 376
002515 1262
003291 1647
005011 2500
003786 1905
002665 1337
006805 3396
004453 2234
003500 1747
002119 1059
000013 7
002622 1314
003501 1748
006197 3101
000525 257
003927 1982
003208 1602
001644 823
006378 3201
005364 2667
003612 1812
001652 828
002453 1230
000470 234
007234 3603
003657 1834
002061 1030
003227 1610
006883 3432
007399 3679
004778 2385
000474 236
003801 1914
002097 1048
002629 1318
002427 1214
000435 216
002090 1044
004536 2275
003026 1513
006428 3224
005400 2687
001009 517
003967 2006
001678 843
006155 3077
000900 460
002610 1307
003797 1912
003663 1836
001029 524
002627 1317
000950 486
007020 3502
007186 3579
000880 448
004279 2158
003433 1713
006827 3407
000337 177
005361 2665
005609 2801
002632 1319
002795 1400
000084 46
002223 1114
001297 638
002784 1394
005394 2681
000732 370
006518 3265
001833 921
000073 39
001916 965
006180 3092
006289 3154
000596 296
003933 1986
005142 2561
001998 1004
001796 902
002597 1302
001857 934
001724 863
005957 2986
002274 1143
004268 2152
002678 1344
005890 2956
003648 1829
001965 989
002967 1483
006159 3080
007301 3632
006174 3088
004643 2332
003117 1556
003565 1782
000987 502
000947 485
000739 374
001653 829
001327 659
000411 202
000245 134
007363 3662
003749 1884
004468 2243
000845 430
005410 2695
007051 3515
005670 2832
006630 3319
002106 1053
001326 658
003999 2025
001512 760
006111 3054
005263 2618
001220 612
001611 805
006006 3011
003717 1865
001321 653
005305 2641
002389 1194
001436 716
000210 116
003842 1936
004199 2116
006242 3130
005160 2569
003817 1921
002909 1454
003414 1704
003846 1940
001299 640
005872 2948
005107 2545
006654 3331
002024 1015
006264 3145
000924 473
006147 3073
002779 1390
005569 2782
002687 1349
003371 1684
003581 1793
000540 267
006217 3114
005646 2820
002301 1152
001738 872
004446 2230
000870 445
004641 2330
005096 2537
000919 471
004023 2037
005750 2873
005412 2697
000946 484
003919 1978
002790 1397
005000 2494
001465 731
002406 1203
000044 22
001126 572
006536 3271
000241 131
004073 2064
005047 2519
000825 418
007308 3636
005130 2556
002436 1218
000036 18
005253 2612
001484 743
002802 1403
005117 2550
000723 366
004252 2142
005771 2887
002088 1043
004066 2059
007046 3513
000607 304
004097 2075
005129 2555
004923 2460
007236 3604
000119 68
005742 2870
000680 342
002589 1296
003345 1673
002986 1493
002921 1461
001285 634
005446 2716
005195 2581
001760 883
003105 1551
007108 3541
007461 3705
000707 356
004991 2491
007170 3571
000133 77
001806 907
006363 3194
000405 199
001559 783
006296 3161
001112 566
004436 2226
006527 3269
000364 187
004707 2358
003455 1727
002751 1376
004020 2035
002684 1348
007418 3686
006543 3275
002573 1289
000026 13
001017 519
005435 2710
004771 2381
003155 1575
002639 1322
004133 2085
000594 295
001703 857
004729 2364
005693 2846
002537 1272
006500 3257
006699 3352
004046 2048
002954 1480
004623 2322
003452 1725
002122 1060
006689 3348
001500 753
006019 3017
000011 5
001447 719
002323 1164
003185 1589
007137 3555
004146 2092
001034 529
003328 1662
000285 152
004760 2377
005310 2643
006680 3342
005254 2613
000334 176
003186 1590
005929 2969
003575 1788
000685 344
007340 3651
004078 2067
005850 2934
004247 2141
004984 2489
007237 3605
005151 2565
001921 968
002421 1212
005891 2957
004789 2392
003230 1611
001215 610
006652 3329
005755 2876
006456 3236
007338 3650
003472 1735
004661 2339
001734 868
001105 563
006736 3370
004102 2077
006223 3118
006961 3472
002567 1287
007460 3704
003092 1544
004677 2348
006463 3242
003463 1733
006825 3405
000549 270
000871 446
001464 730
006688 3347
004386 2205
000557 275
001944 974
006799 3393
005956 2985
004696 2353
003329 1663
002180 1089
003160 1578
004283 2159
000714 362
005815 2912
003023 1512
007188 3580
003091 1543
001379 684
006466 3243
007021 3503
000794 404
000057 30
002704 1358
003476 1738
003597 1805
005277 2625
002031 1018
005248 2609
003063 1527
005626 2810
004842 2420
003942 1992
000018 11
007379 3671
005874 2949
006539 3273
006230 3122
004389 2207
003542 1771
001646 824
005018 2503
003213 1605
002259 1132
004968 2478
007257 3615
003848 1941
002083 1041
004925 2461
006985 3486
003100 1549
006359 3191
003673 1842
002998 1499
001062 545
000578 285
006341 3185
001319 651
005711 2854
001219 611
004499 2256
004913 2455
001529 766
003168 1582
006072 3035
002555 1282
001899 952
000666 334
000599 299
004525 2272
007392 3676
003215 1606
005767 2883
006926 3454
005033 2512
000275 147
001479 740
001540 772
001561 784
005598 2794
003220 1608
001687 848
002263 1134
000384 194
002171 1083
000534 262
005726 2863
000788 400
004442 2228
001430 713
007148 3561
007156 3567
002912 1456
002923 1463
004586 2302
004802 2399
006153 3076
003510 1753
003619 1816
002444 1223
001409 701
003789 1906
003536 1766
001240 619
002240 1123
002133 1065
005278 2626
002950 1478
004837 2416
005831 2920
001779 893
000300 162
002576 1290
001708 858
006192 3099
003922 1980
001638 819
006763 3380
003332 1664
003925 1981
001048 537
005508 2748
006916 3447
002144 1069
005252 2611
000348 182
006015 3014
000603 301
006404 3215
004973 2483
005440 2714
005651 2823
002617 1311
001696 854
004029 2040
004637 2328
003416 1706
006011 3013
004361 2193
002317 1160
000227 125
002992 1497
001434 715
005951 2982
002759 1379
005066 2525
003572 1787
006191 3098
004951 2470
003335 1667
005516 2752
002968 1484
001728 865
007175 3574
001530 767
003317 1657
002475 1242
002536 1271
004417 2221
001990 1000
000789 401
006550 3280
005425 2706
000178 102
004076 2066
005851 2935
003044 1520
000570 279
000461 228
001364 675
001349 667
003285 1642
002238 1122
005871 2947
007190 3582
005675 2835
004448 2231
007341 3652
001227 614
006748 3376
005132 2558
001390 687
007454 3700
006704 3355
004506 2261
004937 2465
002175 1086
003823 1925
000835 426
005849 2933
000460 227
001769 888
002899 1450
005808 2907
004828 2412
006823 3403
005521 2757
006243 3131
003743 1881
000471 235
002302 1153
006830 3408
002843 1423
003796 1911
005281 2627
000232 127
002689 1351
003169 1583
003752 1885
002700 1355
004856 2427
000244 133
005825 2917
007203 3589
004372 2197
003212 1604
001401 694
005409 2694
006064 3032
007192 3584
004286 2160
002969 1485
003459 1730
001539 771
001417 704
006143 3071
000046 24
004390 2208
004967 2477
001563 785
002472 1241
000157 90
003238 1615
002051 1025
005824 2916
005930 2970
000846 431
003077 1534
001554 780
002494 1252
006691 3350
003829 1928
002265 1136
006132 3063
001056 540
007004 3496
006915 3446
000621 309
001761 884
006382 3202
001233 617
004930 2462
006158 3079
001599 799
003274 1636
000965 494
001810 909
005716 2856
007312 3637
006237 3127
005384 2676
003415 1705
005104 2543
005205 2587
001343 665
000304 164
003680 1845
000709 357
004218 2126
005303 2640
006802 3395
000535 263
002849 1424
002512 1259
006476 3246
005411 2696
006834 3410
003392 1700
006878 3430
001276 627
006254 3137
003444 1721
003237 1614
004877 2435
003714 1864
004067 2060
001170 589
003761 1891
007094 3531
006298 3162
004217 2125
002484 1246
002491 1250
001087 555
000146 84
003776 1900
000322 171
003451 1724
001737 871
000744 377
002032 1019
005044 2517
006580 3294
000185 106
003008 1501
001870 939
006924 3453
003884 1960
003815 1919
004339 2181
006894 3438
004354 2187
001454 723
007206 3590
004427 2222
000759 384
000622 310
006040 3025
006295 3160
005387 2677
007335 3649
002143 1068
003309 1654
005934 2972
005816 2913
004857 2428
003049 1522
003642 1826
003018 1509
000799 407
005376 2672
006865 3424
005764 2881
006292 3157
003342 1671
003806 1916
001837 924
007102 3536
001604 801
000580 287
003334 1666
002939 1472
003290 1646
000547 269
007179 3575
003081 1537
006998 3493
006927 3455
001618 808
000770 389
006084 3042
005667 2831
006845 3416
000989 503
004244 2139
005605 2797
001325 657
005148 2563
000111 63
003271 1634
003973 2009
002156 1078
000959 491
000935 479
004497 2254
000010 4
005594 2792
001558 782
003111 1553
000573 280
001378 683
000839 428
003468 1734
002070 1037
005126 2554
005210 2591
003895 1965
001429 712
000785 397
004884 2441
006690 3349
000585 290
004786 2391
006790 3390
002803 1404
001639 820
000072 38
001805 906
002203 1102
000253 135
000299 161
006995 3491
003438 1716
001901 953
001947 975
006969 3477
005543 2769
003821 1924
003138 1566
005398 2685
006079 3038
004408 2214
004757 2375
002271 1141
001882 945
005046 2518
007134 3554
004910 2452
004405 2213
005991 3004
006838 3412
004410 2216
003505 1749
002554 1281
000990 504
006094 3047
005641 2817
001850 933
003994 2022
004767 2380
004186 2110
000602 300
005509 2749
004833 2413
006513 3264
006328 3179
006769 3382
006412 3217
000193 108
000000 0
002781 1392
000796 405
006432 3228
003664 1837
001001 513
002339 1171
001993 1002
002480 1243
006308 3167
003485 1741
003566 1783
004376 2199
002956 1481
001186 596
000277 149
002990 1496
001406 699
004310 2168
002030 1017
001866 938
002033 1020
002553 1280
006268 3146
006260 3142
004144 2090
000083 45
004754 2373
000296 159
002904 1451
005973 2994
000654 327
000701 353
003850 1943
002926 1464
003380 1690
002281 1146
006397 3209
002634 1320
003765 1892
005624 2809
005547 2770
000690 349
005102 2542
006119 3057
005529 2762
001636 817
005932 2971
003849 1942
002750 1375
003770 1896
002929 1466
002192 1096
005983 3000
001747 876
000597 297
004031 2042
004165 2096
006809 3397
001903 955
000164 95
002739 1372
002683 1347
001459 727
006631 3320
007471 3707
002609 1306
004969 2479
003918 1977
004333 2179
004366 2195
005780 2895
005522 2758
001476 739
003477 1739
002898 1449
002743 1374
002009 1009
001957 983
000338 178
001370 680
001047 536
002210 1106
006886 3433
006205 3106
005814 2911
005438 2712
001202 602
003910 1972
003431 1712
006290 3155
002624 1316
007142 3558
007124 3549
004597 2308
004916 2457
004181 2106
001117 567
004355 2188
005888 2955
003576 1789
000579 286
006607 3307
002616 1310
005607 2799
002769 1383
003947 1994
000306 165
003362 1681
002249 1128
000367 188
003758 1888
005388 2678
002906 1452
004229 2130
006600 3303
001655 830
006911 3444
006991 3489
001161 583
004201 2118
007441 3694
003978 2012
005119 2552
005776 2892
005061 2524
000777 392
000605 302
005243 2606
001518 762
002026 1016
003209 1603
001028 523
001987 998
000902 462
000298 160
001323 655
005355 2661
000637 317
003548 1774
004498 2255
003585 1794
001371 681
004955 2472
002487 1248
001686 847
005358 2664
002544 1274
000719 364
002155 1077
000221 122
005583 2787
004344 2183
004233 2133
003660 1835
002374 1188
002973 1488
007077 3526
007452 3699
001328 660
005383 2675
005526 2760
007429 3690
001832 920
004192 2111
000664 332
006206 3107
007241 3607
006166 3084
005232 2602
000511 249
007394 3678
002785 1395
007160 3569
004809 2403
002247 1127
007250 3612
005503 2744
007152 3564
000374 191
000606 303
002007 1008
002660 1334
005585 2788
007113 3543
005671 2833
005730 2864
005791 2899
000996 509
000927 475
006160 3081
006646 3327
005674 2834
001166 586
005865 2942
006090 3044
003959 2002
002637 1321
005723 2862
002063 1031
003799 1913
004135 2087
001907 957
000462 229
001109 564
002464 1233
007116 3545
000890 454
001677 842
002275 1144
004601 2310
005875 2950
002015 1010
000045 23
006681 3343
002125 1061
006178 3090
003625 1817
002466 1235
000998 511
006450 3234
003460 1731
003710 1862
002134 1066
005496 2738
000215 118
002459 1232
005293 2634
007040 3509
007171 3572
006480 3248
007472 3708
006017 3015
001312 647
000380 193
001277 628
007213 3593
004347 2185
003871 1955
002377 1190
005272 2624
004593 2305
002236 1120
001171 590
001402 695
004238 2137
005535 2765
001003 514
001914 963
003727 1871
002084 1042
006774 3383
005003 2495
002402 1201
002241 1124
001490 745
006487 3250
001258 624
002270 1140
003139 1567
006564 3286
006668 3337
003954 1999
003166 1581
004112 2080
004013 2029
000575 282
005123 2553
003792 1909
001341 664
006921 3451
001715 859
003344 1672
000514 251
002408 1205
005995 3007
000532 261
001137 575
004563 2291
003119 1557
005904 2963
001283 633
005417 2700
003960 2003
001951 979
006635 3321
005608 2800
006665 3336
003516 1757
001720 861
003041 1519
005575 2784
002970 1486
002652 1329
006573 3291
002915 1458
005606 2798
005382 2674
000060 31
007001 3494
001475 738
006129 3061
007195 3586
006149 3074
006721 3363
003514 1756
002288 1148
003507 1750
007096 3532
003015 1506
005845 2929
000342 180
004203 2119
003940 1990
000206 113
003555 1777
004899 2447
003626 1818
002587 1294
000007 2
000933 477
005644 2818
004176 2101
000892 456
000067 33
004346 2184
005043 2516
001630 815
000400 198
002039 1021
001918 967
000695 351
005060 2523
005204 2586
006175 3089
003206 1601
006335 3182
004177 2102
004561 2290
001315 649
003389 1697
000513 250
006224 3119
006933 3459
006089 3043
005579 2786
002104 1051
003546 1773
003968 2007
002326 1166
003377 1688
002227 1116
006979 3483
001753 878
003617 1815
004712 2359
000445 222
004719 2360
004827 2411
004166 2097
001975 995
005524 2759
006842 3415
002719 1364
003985 2015
004035 2043
006940 3463
004302 2165
000867 443
005987 3001
000276 148
004965 2476
005270 2623
001483 742
003248 1621
006460 3240
000830 422
003297 1650
004167 2098
004382 2204
004127 2084
005238 2604
007307 3635
002069 1036
000353 184
005936 2973
006739 3371
000256 138
001223 613
000125 72
003670 1840
003912 1974
003525 1761
001468 733
003086 1541
001279 630
001156 579
003701 1858
001074 549
006859 3421
001073 548
004006 2027
007362 3661
004219 2127
002996 1498
001595 797
000808 408
002664 1336
000097 55
004365 2194
006162 3082
001992 1001
000240 130
004400 2212
006601 3304
000671 336
007248 3610
004939 2466
003163 1579
002482 1245
005131 2557
002560 1284
003638 1822
005769 2885
002080 1040
000668 335
005331 2650
004602 2311
006546 3278
004047 2049
000095 53
001622 810
005286 2630
005395 2682
006554 3282
004114 2081
000466 232
003093 1545
003598 1806
001290 636
005250 2610
000689 348
006609 3309
005497 2739
000049 25
007270 3621
005134 2559
003681 1846
006967 3476
002174 1085
001457 726
002870 1438
003262 1628
000681 343
002023 1014
006499 3256
005084 2530
001803 905
002869 1437
004900 2448
007058 3518
005732 2865
006134 3064
006571 3289
002212 1108
006662 3334
005884 2953
006069 3034
005737 2868
006976 3482
002734 1369
002766 1381
006259 3141
004235 2135
000255 137
005016 2502
000069 35
002738 1371
003930 1985
003158 1577
004488 2251
000424 209
005779 2894
004662 2340
001725 864
004024 2038
002214 1110
006384 3204
006209 3109
000653 326
003858 1948
007121 3547
003949 1995
000096 54
001876 943
006320 3174
006449 3233
004950 2469
001988 999
006257 3140
002788 1396
001981 997
002975 1489
002668 1339
002872 1440
003803 1915
004728 2363
005781 2896
000651 324
000316 168
005370 2669
007223 3598
005686 2841
005020 2504
002523 1266
001209 606
007216 3594
003289 1645
005502 2743
001669 836
002524 1267
004134 2086
000641 320
004838 2417
000180 104
000994 507
002791 1398
004945 2468
002309 1155
006857 3420
001668 835
004357 2190
006619 3314
005679 2837
002095 1046
003374 1686
002671 1341
003549 1775
001492 747
006056 3030
005628 2812
002126 1062
006743 3374
004093 2073
004701 2354
001324 656
002778 1389
002116 1057
005339 2652
006528 3270
003398 1701
005768 2884
000271 145
004225 2128
003423 1709
004030 2041
006214 3112
000502 246
005259 2616
007092 3529
006399 3211
003258 1625
003104 1550
001482 741
000968 495
002798 1401
000129 74
000553 273
002199 1101
001912 961
006281 3150
007354 3655
004322 2174
005100 2541
007041 3510
004645 2333
006291 3156
003196 1596
000887 452
005418 2701
005665 2829
002623 1315
003987 2016
004044 2047
002465 1234
004304 2166
006430 3226
005702 2851
006589 3298
002181 1090
001953 980
005207 2588
001958 984
003825 1927
004539 2278
002467 1236
001763 885
006429 3225
003697 1854
004631 2326
006683 3344
002154 1076
004050 2050
002838 1421
003512 1754
001649 826
004399 2211
005682 2839
003400 1702
001098 560
002578 1291
002150 1075
004331 2177
005463 2723
000200 110
000325 172
001935 971
001474 737
000433 214
002716 1362
006183 3094
005464 2724
004272 2154
004625 2323
006722 3364
007191 3583
001809 908
002060 1029
000888 453
000431 212
002774 1386
003533 1764
005554 2775
000962 493
003843 1937
003261 1627
007444 3696
001238 618
006984 3485
006909 3443
003725 1870
007263 3617
001348 666
005578 2785
006501 3258
003085 1540
003349 1675
005245 2607
006671 3338
005483 2731
006193 3100
001826 916
001623 811
006352 3189
005701 2850
001608 803
005023 2506
002886 1445
001523 765
001792 900
001262 625
003356 1677
005042 2515
001716 860
003108 1552
007111 3542
005798 2903
004605 2313
003479 1740
000371 190
003333 1665
005059 2522
005690 2843
004555 2286
001394 690
001865 937
002882 1443
005118 2551
000755 381
000070 36
005941 2976
002352 1177
002328 1167
000092 52
000294 157
002714 1361
001282 632
001181 593
007366 3664
006627 3318
001399 692
005223 2597
002129 1063
005490 2734
005830 2919
001626 813
005220 2596
004351 2186
005414 2698
004276 2157
005817 2914
007367 3665
000910 467
006705 3356
005432 2708
000562 276
004975 2484
006181 3093
001510 759
006742 3373
005097 2538
001184 594
001553 779
003205 1600
000764 388
001358 671
001849 932
007099 3534
002829 1416
004882 2439
006311 3170
006065 3033
006318 3172
007147 3560
001568 787
002561 1285
007054 3516
005527 2761
007017 3500
005563 2778
006952 3469
003720 1866
005866 2943
000313 167
005285 2629
005150 2564
001939 973
004772 2382
000783 395
002910 1455
003988 2017
000014 8
002237 1121
003154 1574
001674 840
002607 1304
003862 1950
003303 1652
005719 2858
003773 1898
005352 2658
005380 2673
001908 958
000286 153
003178 1587
006983 3484
003125 1562
001847 931
001200 600
005519 2755
003095 1546
002333 1169
007057 3517
000833 424
004619 2320
006248 3133
006923 3452
003882 1959
000954 488
003699 1856
002437 1219
002949 1477
002371 1186
004431 2224
001470 734
006389 3206
004510 2264
006746 3375
000490 242
002354 1178
006951 3468
003693 1850
001418 705
001491 746
006939 3462
001452 721
003176 1586
003944 1993
006398 3210
001208 605
006562 3285
004395 2210
004911 2453
006323 3175
007313 3638
004579 2298
004870 2432
001723 862
006621 3316
006892 3436
003569 1785
005092 2536
007348 3654
005154 2567
000120 69
004564 2292
006459 3239
004552 2284
005439 2713
001174 591
002452 1229
003244 1618
005756 2877
002368 1185
004616 2318
004801 2398
003754 1886
006201 3104
002566 1286
006053 3028
004069 2061
000441 219
005591 2789
001531 768
007039 3508
000442 220
002059 1028
004231 2132
000945 483
003722 1868
001045 535
005406 2691
001910 959
005462 2722
002047 1024
003540 1769
007365 3663
003518 1758
000412 203
003420 1708
006221 3117
006421 3222
004826 2410
003277 1637
003509 1752
005507 2747
006226 3121
006150 3075
003844 1938
003845 1939
004413 2219
005332 2651
000136 78
002311 1156
005804 2906
000228 126
004880 2438
007281 3623
000865 441
004387 2206
004317 2172
004014 2030
006303 3164
006020 3018
005258 2615
001685 846
003641 1825
003957 2001
005844 2928
003191 1593
003278 1638
004266 2150
004025 2039
007155 3566
001212 609
007390 3675
003147 1570
004736 2367
002469 1238
001973 993
001949 977
001229 615
005114 2547
002447 1225
004765 2379
002018 1012
001624 812
004375 2198
005224 2598
005858 2937
001756 880
007196 3587
005216 2595
001453 722
004500 2257
003245 1619
001676 841
004780 2387
000326 173
007007 3497
001777 892
000141 80
004141 2089
001472 735
002980 1490
002588 1295
007035 3506
001119 568
005456 2720
003446 1723
004604 2312
004681 2350
007245 3609
001871 940
002006 1007
003784 1903
004675 2346
004070 2062
000483 238
000288 155
005517 2753
002592 1298
001735 869
001425 709
000760 385
006661 3333
004703 2356
003439 1717
005898 2961
002438 1220
000438 217
004836 2415
004058 2056
004139 2088
006776 3385
004194 2113
006639 3322
004747 2369
006245 3132
001020 520
005006 2497
003560 1779
004296 2163
004394 2209
002837 1420
005860 2938
003893 1964
001196 598
005774 2890
002431 1216
003831 1929
003865 1952
005225 2599
000975 497
002782 1393
006784 3387
001038 531
002618 1312
005705 2852
001423 708
000584 289
007378 3670
003795 1910
000344 181
002313 1158
007118 3546
005647 2821
007140 3556
001160 582
006888 3434
001739 873
004075 2065
001169 588
004607 2315
005842 2927
005692 2845
001197 599
004758 2376
002396 1198
000418 206
002470 1239
002351 1176
004507 2262
002273 1142
004180 2105
005908 2964
001211 608
001570 788
000434 215
002897 1448
000687 346
002549 1277
001551 778
006708 3359
005564 2779
003513 1755
000410 201
001681 845
003360 1679
004908 2451
006467 3244
003790 1907
005748 2871
005772 2888
005915 2965
001754 879
005421 2704
004441 2227
002816 1408
006485 3249
004182 2107
001157 580
005568 2781
003832 1930
004018 2033
005533 2764
002268 1138
004595 2307
002854 1428
005867 2944
004869 2431
004274 2156
007446 3697
001060 543
003855 1946
001142 576
001811 910
007009 3498
000439 218
000688 347
004204 2120
004793 2393
004922 2459
001247 620
004320 2173
001165 585
004523 2270
000416 204
002850 1425
006958 3471
002527 1268
004466 2241
002672 1342
000972 496
006021 3019
007457 3702
002067 1035
003454 1726
001963 987
003556 1778
000710 358
005813 2910
004455 2235
002932 1468
001938 972
005694 2847
001816 913
002807 1405
004332 2178
000903 463
005475 2728
003875 1956
005087 2532
006438 3229
005433 2709
002972 1487
006256 3139
007106 3539
005420 2703
003731 1874
004659 2338
000814 410
003016 1507
002278 1145
000720 365
001883 946
002542 1273
001773 890
005009 2499
000349 183
006376 3200
004980 2487
002335 1170
002269 1139
000505 247
006375 3199
001504 755
004518 2268
000592 293
004514 2266
002776 1387
003767 1894
001404 697
000908 466
006749 3377
006788 3389
000978 499
003171 1584
007224 3599
005697 2849
001302 643
005832 2921
004379 2201
003819 1923
002708 1360
005031 2511
001860 935
002489 1249
001641 821
003791 1908
001405 698
006599 3302
001493 748
002679 1345
000713 361
000208 114
001550 777
001072 547
002375 1189
004412 2218
003294 1649
002110 1055
006199 3102
001110 565
003249 1622
007268 3619
000537 264
000921 472
000868 444
004594 2306
007211 3592
006757 3379
005766 2882
000925 474
001879 944
003523 1760
000793 403
000672 337
003577 1790
002510 1258
002981 1491
002823 1413
002410 1207
003939 1989
006687 3346
006414 3219
000162 93
005940 2975
006795 3392
001834 922
000951 487
003628 1819
003388 1696
004234 2134
001767 887
005209 2590
000544 268
001121 569
005183 2576
004509 2263
003888 1962
002834 1418
002595 1300
006787 3388
003839 1934
004580 2299
005186 2577
005373 2670
006418 3220
005759 2879
002481 1244
003070 1531
004524 2271
003307 1653
004245 2140
004704 2357
001460 728
002264 1135
004358 2191
002416 1210
001400 693
005071 2527
005478 2729
001845 930
007097 3533
004212 2123
005416 2699
002253 1130
005959 2987
005401 2688
004535 2274
002349 1174
005294 2635
005599 2795
004538 2277
004461 2238
006861 3422
004558 2287
005761 2880
004982 2488
003596 1804
001462 729
007129 3553
003993 2021
001930 970
003780 1901
004316 2171
004733 2366
001185 595
005833 2922
006552 3281
002852 1427
000638 318
006817 3400
003760 1890
003457 1728
003935 1987
003698 1855
002388 1193
004784 2389
000375 192
000797 406
001964 988
006826 3406
003184 1588
004334 2180
000993 506
003320 1658
006502 3259
004005 2026
004972 2482
005513 2751
000110 62
001335 661
005928 2968
003896 1966
007086 3527
005954 2984
002987 1494
005099 2540
000665 333
003656 1833
002873 1441
004866 2430
005836 2924
006025 3021
002824 1414
000233 128
003759 1889
002324 1165
000997 510
000824 417
005880 2952
002443 1222
003644 1827
001690 850
003636 1820
003783 1902
003382 1692
002194 1097
001036 530
001023 521
000034 17
002643 1324
007269 3620
001361 673
006642 3324
006594 3300
000556 274
002496 1253
003952 1997
003188 1591
006702 3354
001836 923
005561 2776
004411 2217
007373 3669
003418 1707
004273 2155
005357 2663
005492 2736
001864 936
002178 1088
000214 117
007150 3562
005960 2988
000426 211
004428 2223
000901 461
004341 2182
003128 1563
006037 3024
006675 3341
005868 2945
001955 981
005648 2822
004356 2189
004901 2449
000113 65
003391 1699
005953 2983
006522 3266
005403 2690
000633 316
006740 3372
001906 956
006544 3276
007002 3495
006585 3296
002940 1473
004889 2443
005320 2646
003201 1599
002117 1058
002582 1293
006337 3184
003537 1767
003971 2008
002508 1257
003911 1973
000609 306
004883 2440
007346 3653
000898 459
003955 2000
003390 1698
003603 1809
002242 1125
000918 470
000586 291
002132 1064
001320 652
004253 2143
007197 3588
005838 2926
003768 1895
005173 2573
001393 689
007060 3519
002189 1093
002493 1251
006004 3010
002771 1385
001396 691
005392 2679
003012 1503
005688 2842
003376 1687
004803 2400
003757 1887
002231 1118
001743 874
005500 2741
003039 1517
001033 528
006055 3029
006179 3091
004894 2445
005089 2534
004088 2071
000497 243
000855 434
001081 552
004054 2053
003685 1847
002342 1172
004071 2063
003314 1656
006735 3369
005752 2874
002611 1308
000041 20
002361 1182
005993 3006
006294 3159
001494 749
006225 3120
003442 1720
007073 3524
005501 2742
000822 416
007185 3578
004230 2131
003057 1524
004674 2345
005614 2804
006109 3053
006547 3279
001896 951
006489 3251
000280 150
003079 1536
002654 1330
006728 3367
000640 319
002922 1462
004628 2325
005200 2583
002857 1430
001506 757
004459 2237
002235 1119
006890 3435
004554 2285
002736 1370
003928 1983
003589 1797
006188 3096
003578 1791
006848 3418
001079 550
000574 281
006567 3288
001422 707
001948 976
005632 2814
003785 1904
006645 3326
005678 2836
001692 852
001250 622
001789 897
003059 1525
005424 2705
002343 1173
000205 112
006912 3445
001124 571
004915 2456
002888 1447
003486 1742
003089 1542
002305 1154
004572 2295
007427 3688
005115 2548
006615 3311
005553 2774
005721 2860
000487 240
002593 1299
003020 1510
006479 3247
004590 2303
003198 1597
000387 195
003704 1859
004890 2444
000742 375
000705 355
006880 3431
002933 1469
007368 3666
000087 49
001092 558
001016 518
005504 2745
007276 3622
007320 3642
002190 1094
004671 2344
007459 3703
001911 960
004670 2343
000678 341
002096 1047
002989 1495
007044 3511
007075 3525
006766 3381
000565 278
001322 654
000652 325
002514 1261
002918 1459
001426 710
003241 1616
005788 2897
001730 866
005367 2668
004819 2406
001915 964
002141 1067
007228 3601
005212 2593
001467 732
002813 1407
005837 2925
002835 1419
007249 3611
000500 244
004099 2076
004663 2341
006142 3070
006494 3254
000158 91
005775 2891
000051 26
004445 2229
005541 2768
000886 451
002648 1326
003730 1873
002195 1098
002756 1378
000417 205
006835 3411
000627 312
000421 207
002316 1159
007314 3639
001673 839
000172 99
001661 833
000955 489
005593 2791
007286 3626
004840 2418
000791 402
004841 2419
003013 1504
006587 3297
004258 2145
002164 1081
005485 2732
004546 2282
003666 1839
004015 2031
003713 1863
002571 1288
000629 313
005326 2648
003564 1781
000834 425
002855 1429
005208 2589
001671 837
002176 1087
004678 2349
001413 702
002451 1228
004794 2394
000853 433
002938 1471
002871 1439
005085 2531
001456 725
004878 2436
002186 1092
000219 120
005945 2979
005946 2980
002360 1181
005235 2603
002842 1422
004145 2091
005344 2654
003078 1535
005408 2693
002649 1327
001790 898
000995 508
005980 2999
003040 1518
006905 3442
002547 1276
000358 185
005518 2754
005966 2990
006716 3360
000257 139
003378 1689
006000 3009
005005 2496
007476 3710
001505 756
006304 3165
000254 136
006492 3253
004039 2045
001310 645
000368 189
000012 6
006101 3049
001024 522
006972 3479
001922 969
001757 881
006251 3134
002698 1354
006076 3037
003122 1560
000518 253
002946 1476
005407 2692
005877 2951
005106 2544
007104 3537
002321 1162
002667 1338
000616 307
006673 3340
001444 718
000726 368
006672 3339
000154 88
001956 982
003538 1768
000813 409
005637 2816
005419 2702
006657 3332
006402 3214
002620 1313
002965 1482
004297 2164
000310 166
001950 978
004313 2169
001503 754
001571 789
000593 294
000022 12
005696 2848
001164 584
003143 1569
002055 1027
001064 546
004094 2074
004503 2258
003851 1944
000339 179
002400 1199
002394 1196
000738 373
006814 3399
006717 3361
007123 3548
003637 1821
002658 1332
000444 221
000142 81
006137 3066
001968 990
004656 2337
000177 101
006252 3135
001368 678
004653 2335
001819 914
000017 10
001515 761
003284 1641
003863 1951
001572 790
001201 601
003567 1784
005943 2978
003650 1830
006350 3188
005902 2962
002832 1417
003130 1564
001651 827
000914 469
000582 288
007128 3552
005950 2981
006851 3419
001175 592
006893 3437
003561 1780
004820 2407
006392 3208
002723 1365
005550 2773
003440 1718
005828 2918
003724 1869
002312 1157
002518 1264
000114 66
005088 2533
003339 1669
002887 1446
003348 1674
003997 2024
001971 992
006932 3458
002109 1054
000842 429
002535 1270
006579 3293
003613 1813
007151 3563
001609 804
001812 911
004147 2093
006824 3404
002697 1353
002468 1237
006218 3115
000054 27
001085 554
007387 3673
005469 2726
003458 1729
000747 378
002777 1388
003383 1693
003413 1703
006113 3056
001210 607
000165 96
002501 1255
000184 105
004876 2434
005356 2662
002705 1359
003299 1651
005989 3002
007316 3640
000818 413
006975 3481
000163 94
000202 111
003021 1511
000776 391
007189 3581
005974 2995
006400 3212
002363 1183
003687 1849
001151 578
006413 3218
002040 1022
003014 1505
006447 3231
003838 1933
006974 3480
003867 1953
003700 1857
000529 259
004854 2425
005346 2655
006105 3051
000282 151
004183 2108
005681 2838
006367 3196
001357 670
003742 1880
004818 2405
001913 962
003157 1576
004043 2046
003372 1685
003369 1683
002077 1039
000762 386
002148 1073
001128 573
003696 1853
006684 3345
002403 1202
000866 442
001392 688
006724 3365
001679 844
005340 2653
005098 2539
002884 1444
000032 16
005457 2721
006326 3177
006541 3274
002441 1221
000749 379
001338 662
001300 641
003424 1710
000661 329
004504 2259
002296 1150
004690 2352
004308 2167
005327 2649
003084 1539
003551 1776
003028 1514
007334 3648
006918 3448
007414 3684
003640 1824
001204 603
006471 3245
001637 818
000217 119
001288 635
003441 1719
005269 2622
006839 3413
005348 2656
007332 3646
006220 3116
003282 1640
005428 2707
000820 414
002456 1231
006946 3465
001894 949
005025 2507
000030 15
007370 3667
002197 1099
003097 1547
006801 3394
000941 482
007222 3597
000043 21
006231 3123
004940 2467
006988 3488
002614 1309
004627 2324
004559 2288
006616 3312
000145 83
007356 3657
000538 265
003732 1875
003534 1765
006374 3198
001093 559
001873 941
001278 629
002808 1406
005562 2777
005823 2915
002105 1052
007143 3559
006448 3232
003706 1860
001748 877
003908 1971
004749 2370
000552 272
000832 423
005488 2733
007107 3540
003744 1882
004409 2215
000550 271
001543 774
002072 1038
003009 1502
006271 3147
003002 1500
003591 1799
004179 2104
004886 2442
002401 1200
006941 3464
000934 478
007025 3505
004584 2301
003816 1920
006299 3163
003475 1737
003963 2004
005937 2974
005612 2803
002358 1180
006793 3391
003675 1844
004957 2473
004684 2351
003695 1852
002003 1005
007406 3682
004537 2276
006170 3085
004478 2248
003599 1807
002943 1475
006490 3252
001688 849
005491 2735
000074 40
006730 3368
005539 2767
004057 2055
002430 1215
006261 3143
007321 3643
000623 311
000144 82
000643 321
005629 2813
006112 3055
007159 3568
000501 245
005920 2966
001620 809
004879 2437
002851 1426
003587 1796
006431 3227
005666 2830
002498 1254
000936 480
003570 1786
003381 1691
006234 3124
001080 551
006545 3277
000465 231
000115 67
006557 3283
006073 3036
003508 1751
005592 2790
005442 2715
001032 527
002318 1161
005979 2998
007357 3658
000631 314
005789 2898
000828 420
001821 915
000105 60
004727 2362
000055 28
001659 832
002364 1184
005835 2923
004702 2355
003861 1949
007297 3630
003526 1762
002862 1433
005548 2771
005022 2505
007479 3711
003606 1810
007361 3660
004416 2220
006904 3441
004208 2121
003602 1808
002507 1256
003836 1932
006443 3230
006313 3171
000526 258
004823 2408
000697 352
003445 1722
002226 1115
004600 2309
003810 1917
003824 1926
002907 1453
005749 2872
006212 3111
003427 1711
007127 3551
004328 2176
000781 394
003436 1714
006919 3449
004261 2146
007018 3501
001544 775
002703 1357
005137 2560
006869 3426
005493 2737
001584 795
006049 3026
006526 3268
004639 2329
003646 1828
007184 3577
002822 1412
006235 3125
000138 79
005030 2510
003387 1695
001891 948
000100 57
003857 1947
004090 2072
000520 254
006931 3457
000189 107
005177 2574
003592 1800
003243 1617
004267 2151
004847 2423
004961 2474
003473 1736
005715 2855
003140 1568
000649 323
002983 1492
000467 233
003256 1624
004571 2294
002167 1082
000851 432
004380 2202
001496 750
003149 1571
001642 822
004240 2138
001264 626
006458 3238
001798 903
005171 2572
003818 1922
006241 3129
005684 2840
007209 3591
004865 2429
004997 2493
000856 435
003037 1516
001044 534
001052 539
006373 3197
002331 1168
002417 1211
004978 2486
006216 3113
006727 3366
005770 2886
003889 1963
005870 2946
002205 1104
006707 3358
007425 3687
006970 3478
000009 3
006171 3086
002936 1470
003151 1572
000099 56
002591 1297
000259 141
003260 1626
002373 1187
000895 457
005228 2600
006362 3193
004495 2253
004200 2117
005029 2509
001593 796
001414 703
002659 1333
005290 2632
005012 2501
000091 51
001962 986
005847 2931
000160 92
004855 2426
005758 2878
003976 2011
000977 498
004159 2095
000775 390
006285 3153
006697 3351
006138 3067
003877 1958
001874 942
005193 2580
002799 1402
005976 2996
000082 44
001842 928
005574 2783
004056 2054
006293 3158
000735 372
002920 1460
006877 3429
001256 623
006821 3402
003253 1623
006775 3384
004577 2297
000149 86
005317 2645
004755 2374
003876 1957
006864 3423
002217 1111
004912 2454
003164 1580
006051 3027
001313 648
000038 19
006189 3097
003462 1732
006277 3148
003906 1970
005291 2633
006330 3181
007251 3613
005159 2568
003200 1598
006347 3187
003532 1763
002041 1023
004467 2242
007455 3701
005799 2904
004992 2492
000449 224
005778 2893
002471 1240
001663 834
001672 838
000539 266
001614 807
004775 2384
001280 631
006640 3323
005990 3003
005354 2660
006141 3069
004184 2109
004522 2269
002413 1209
004264 2148
001190 597
007093 3530
002579 1292
005802 2905
003246 1620
000960 492
004262 2147
003733 1876
006820 3401
004315 2170
004565 2293
003672 1841
004731 2365
001736 870
002762 1380
004544 2280
003989 2018
005797 2902
002670 1340
001301 642
005657 2826
000673 338
001360 672
004022 2036
007220 3596
002754 1377
003113 1554
007333 3647
004664 2342
002732 1367
005231 2601
006718 3362
001628 814
001548 776
004479 2249
001799 904
006327 3178
006965 3474
003991 2020
004236 2136
007062 3520
004808 2402
000516 252
005861 2939
007181 3576
000295 158
007293 3627
006559 3284
001775 891
000857 436
006361 3192
003586 1795
006608 3308
000086 48
000693 350
003354 1676
002682 1346
006309 3168
005530 2763
000264 143
004086 2070
002289 1149
004834 2414
001100 561
003493 1743
000123 71
003674 1843
007285 3625
007298 3631
002211 1107
002662 1335
006253 3136
006310 3169
006648 3328
000763 387
001311 646
002931 1467
000608 305
006387 3205
006120 3058
000484 239
001403 696
004853 2424
003840 1935
001057 541
000482 237
001785 895
006203 3105
006993 3490
006510 3262
001827 917
004613 2316
006653 3330
005007 2498
005455 2719
007254 3614
007328 3645
007064 3521
006255 3138
006575 3292
007090 3528
006846 3417
002741 1373
002297 1151
004178 2103
004533 2273
002718 1363
004227 2129
003579 1792
001889 947
000507 248
004053 2052
007408 3683
006902 3440
001309 644
000656 328
003051 1523
002222 1113
003904 1969
006455 3235
002435 1217
002691 1352
003340 1670
006929 3456
000109 61
000531 260
003069 1530
006140 3068
006104 3050
007114 3544
005720 2859
003741 1879
003740 1878
000127 73
000906 465
000079 42
001433 714
000287 154
004774 2383
005738 2869
002149 1074
001205 604
001895 950
000576 283
004451 2233
005810 2909
004269 2153
000209 115
005196 2582
000757 382
004012 2028
001839 926
002066 1034
004257 2144
000131 76
004654 2336
005265 2620
000317 169
005620 2806
000101 58
000817 412
003234 1612
001498 751
006390 3207
000703 354
004484 2250
000577 284
005863 2941
002172 1084
003326 1660
006504 3260
007393 3677
006365 3195
005165 2570
001766 886
006007 3012
006164 3083
000712 360
006419 3221
004952 2471
001486 744
003311 1655
003709 1861
006605 3305
001770 889
004977 2485
004512 2265
000432 213
000071 37
005146 2562
005397 2684
003887 1961
003833 1931
000864 440
006617 3313
002642 1323
001103 562
003853 1945
004642 2331
005710 2853
001146 577
003868 1954
001843 929
000617 308
005178 2575
002355 1179
000406 200
000155 89
002114 1056
001632 816
002092 1045
001362 674
001000 512
003734 1877
001976 996
003268 1632
003913 1975
005076 2528
000225 124
000150 87
000464 230
002865 1435
005203 2585
005083 2529
003721 1867
002162 1080
000075 41
001004 515
001700 856
007105 3538
007024 3504
007226 3600
005257 2614
003494 1744
005722 2861
005663 2828
007243 3608
000663 331
002952 1479
006934 3460
005111 2546
002533 1269
002184 1091
000646 322
005895 2958
002157 1079
000883 450
001970 991
003545 1772
005187 2578
005520 2756
004477 2247
003498 1745
005977 2997
006875 3428
005964 2989
007305 3633
003083 1538
005992 3005
004550 2283
004432 2225
003189 1592
001366 676
005773 2889
003593 1801
002208 1105
005300 2637
001917 966
000821 415
000992 505
007451 3698
002647 1325
002859 1431
005247 2608
003651 1831
004216 2124
003152 1573
006572 3290
007355 3656
000815 411
000029 14
005597 2793
004492 2252
005039 2514
000088 50
002267 1137
005896 2959
007101 3535
003279 1639
001428 711
003903 1968
003813 1918
004970 2480
005480 2730
000786 398
003590 1798
000587 292
006145 3072
006059 3031
006279 3149
006644 3325
002701 1356
000148 85
003745 1883
006283 3151
004845 2422
002485 1247
004781 2388
002147 1072
004169 2099
002513 1260
006591 3299
004473 2245
004123 2083
002230 1117
002244 1126
003098 1548
000891 455
002390 1195
006018 3016
002381 1192
007126 3550
000389 196
001408 700
005645 2819
006957 3470
006538 3272
006207 3108
004592 2304
005314 2644
000068 34
001648 825
000238 129
004476 2246
001040 532
006949 3467
000730 369
003336 1668
001612 806
003218 1607
001541 773
004919 2458
006080 3039
005968 2992
004464 2240
000318 170
004170 2100
002941 1474
003286 1643
001830 919
004751 2372
004796 2396
004545 2281
003123 1561
003195 1595
001049 538
005621 2807
007153 3565
005512 2750
006200 3103
003273 1635
000523 256
007259 3616
005306 2642
005374 2671
005192 2579
003936 1988
001354 669
000758 383
006329 3180
002860 1432
006383 3203
005302 2639
005239 2605
004037 2044
003951 1996
002016 1011
002608 1305
002913 1457
004785 2390
007443 3695
004606 2314
001385 686
004560 2289
004543 2279
004019 2034
006700 3353
002733 1368
001440 717
004635 2327
006584 3295
006840 3414
002559 1283
003359 1678
000827 419
006920 3450
005886 2954
003193 1594
000980 500
004515 2267
001509 758
000632 315
001994 1003
005809 2908
006346 3186
001691 851
007372 3668
003995 2023
000447 223
007388 3674
007239 3606
005454 2718
005611 2802
002409 1206
006663 3335
006358 3190
003966 2005
004936 2464
007173 3573
002191 1095
003694 1851
000675 339
005283 2628
001556 781
002252 1129
006867 3425
002098 1049
000220 121
000780 393
002285 1147
001519 763
005470 2727
007474 3709
004844 2421
001316 650
000274 146
005848 2932
005636 2815
001061 544
006135 3065
005718 2857
004795 2395
004614 2317
003654 1832
005506 2746
001598 798
004197 2114
006457 3237
004115 2082
007428 3689
001532 769
000171 98
005846 2930
000861 439
007438 3693
002261 1133
000787 399
001499 752
001731 867
002545 1275
002198 1100
007306 3634
005396 2683
001744 875
006598 3301
006871 3427
007465 3706
006495 3255
002065 1033
004371 2196
002426 1213
002676 1343
000905 464
005567 2780
006986 3487
003983 2014
003953 1998
001791 899
002407 1204
001090 556
005295 2636
004897 2446
006422 3223
000261 142
004741 2368
002445 1224
000222 123
003974 2010
001601 800
002256 1131
005169 2571
001580 793
007193 3585
001340 663
001788 896
007431 3691
005035 2513
000112 64
005853 2936
007317 3641
000456 225
000176 100
004198 2115
006620 3315
000957 490
002053 1026
003766 1893
004471 2244
000243 132
003068 1529
003615 1814
007050 3514
005622 2808